Healthy,Infected,Convalescent,Dead
1024,0,0,0
1024,0,0,0
1024,0,0,0
1024,0,0,0
1024,0,0,0
1024,0,0,0
1019,5,0,0
1016,8,0,0
1011,12,0,1
998,25,0,1
989,34,0,1
977,46,0,1
974,49,0,1
959,62,2,1
952,64,7,1
940,73,10,1
932,77,14,1
927,77,19,1
921,80,22,1
912,82,29,1
902,85,36,1
894,83,46,1
878,93,52,1
870,92,61,1
857,96,70,1
845,101,77,1
836,106,81,1
827,111,85,1
817,108,98,1
808,106,109,1
798,108,117,1
793,100,130,1
781,101,141,1
775,98,150,1
768,99,156,1
754,97,172,1
747,95,181,1
741,94,188,1
733,96,194,1
729,89,205,1
725,83,215,1
719,81,223,1
714,79,230,1
706,68,249,1
699,66,258,1
693,68,262,1
686,66,271,1
680,64,279,1
674,65,284,1
669,63,291,1
659,67,297,1
656,66,301,1
650,68,305,1
642,72,309,1
633,74,316,1
625,74,324,1
616,78,329,1
614,71,338,1
607,72,344,1
604,68,351,1
598,67,358,1
592,64,367,1
588,62,373,1
587,53,383,1
579,54,390,1
570,60,393,1
563,63,397,1
557,61,404,2
552,63,407,2
545,66,411,2
538,67,417,2
533,64,425,2
529,60,433,2
523,64,435,2
514,65,443,2
508,66,448,2
499,66,457,2
496,64,462,2
495,63,464,2
486,64,472,2
482,65,475,2
478,61,483,2
468,64,490,2
462,62,498,2
454,64,504,2
443,72,507,2
442,67,513,2
431,74,517,2
427,75,520,2
424,72,526,2
418,70,534,2
412,69,541,2
408,65,549,2
403,61,558,2
402,59,561,2
399,56,567,2
399,46,577,2
393,49,580,2
390,42,589,3
385,38,598,3
382,38,601,3
382,32,607,3
377,34,610,3
373,36,612,3
370,34,617,3
368,34,619,3
367,33,621,3
365,30,626,3
362,28,630,4
362,23,635,4
360,21,639,4
358,21,641,4
355,22,643,4
354,21,645,4
351,22,647,4
347,24,649,4
346,23,651,4
343,22,655,4
340,23,657,4
339,23,658,4
334,27,659,4
334,24,662,4
331,26,663,4
330,25,665,4
330,22,668,4
329,19,672,4
325,22,673,4
323,20,677,4
318,24,678,4
318,18,684,4
316,19,685,4
313,22,685,4
310,24,686,4
307,23,690,4
304,26,690,4
299,29,692,4
296,27,697,4
294,28,698,4
294,28,698,4
293,25,702,4
292,25,703,4
290,26,704,4
288,27,705,4
287,25,708,4
286,23,711,4
284,19,717,4
282,20,718,4
280,21,719,4
277,20,723,4
276,18,726,4
274,18,728,4
271,19,730,4
270,17,733,4
268,18,734,4
267,19,734,4
265,19,736,4
262,20,738,4
258,23,739,4
258,21,741,4
253,23,744,4
251,24,745,4
247,27,746,4
245,28,747,4
243,28,749,4
241,29,750,4
240,26,754,4
239,27,754,4
237,26,757,4
235,27,758,4
233,27,760,4
231,25,764,4
231,19,770,4
228,21,771,4
228,20,772,4
225,19,776,4
225,16,779,4
225,15,780,4
221,17,782,4
219,16,784,5
218,14,786,6
217,15,786,6
216,15,787,6
216,15,787,6
216,14,788,6
214,14,790,6
212,16,790,6
211,15,792,6
207,17,794,6
205,18,795,6
205,16,797,6
203,16,799,6
202,16,800,6
200,17,801,6
199,17,802,6
196,18,804,6
194,18,806,6
192,20,806,6
191,21,806,6
190,21,807,6
189,20,809,6
189,19,810,6
188,18,812,6
185,17,816,6
183,18,817,6
183,17,818,6
182,15,821,6
182,12,824,6
182,10,826,6
180,11,827,6
179,11,828,6
179,9,830,6
179,9,830,6
178,9,831,6
175,11,832,6
174,12,832,6
172,13,833,6
171,14,833,6
170,11,836,7
170,10,837,7
168,12,837,7
167,13,837,7
165,13,839,7
165,11,841,7
164,11,842,7
164,11,842,7
164,11,842,7
164,10,843,7
163,11,843,7
162,10,845,7
160,11,846,7
158,12,847,7
158,10,849,7
158,10,849,7
158,9,850,7
158,7,852,7
158,6,853,7
156,8,853,7
155,9,853,7
154,10,853,7
154,6,857,7
154,6,857,7
152,7,858,7
151,8,858,7
151,6,860,7
151,5,861,7
151,5,861,7
150,6,861,7
150,6,861,7
148,7,862,7
147,8,862,7
146,8,863,7
146,7,864,7
146,7,864,7
146,7,864,7
143,9,865,7
142,10,865,7
142,9,866,7
141,9,867,7
140,9,868,7
139,9,869,7
139,9,869,7
138,10,869,7
138,10,869,7
137,11,869,7
137,10,870,7
136,10,871,7
134,8,875,7
134,8,875,7
134,8,875,7
133,9,875,7
133,9,875,7
133,8,876,7
131,9,877,7
131,8,878,7
131,7,879,7
130,7,880,7
130,7,880,7
130,6,881,7
128,8,881,7
128,7,882,7
128,7,882,7
125,7,885,7
125,7,885,7
124,7,886,7
123,8,886,7
123,8,886,7
122,7,888,7
122,5,890,7
122,4,891,7
122,4,891,7
121,5,891,7
120,5,892,7
119,6,892,7
118,7,892,7
118,7,892,7
117,8,892,7
117,7,893,7
117,6,894,7
117,5,895,7
116,6,895,7
116,3,898,7
115,4,898,7
115,4,898,7
114,5,898,7
113,4,900,7
113,4,900,7
112,5,900,7
112,5,900,7
112,5,900,7
112,5,900,7
112,5,900,7
111,5,901,7
110,6,901,7
306,7,704,7
415,12,590,7
458,14,545,7
473,17,527,7
469,20,528,7
469,20,528,7
460,29,528,7
456,33,528,7
454,32,531,7
453,31,532,8
452,28,536,8
448,29,539,8
442,33,541,8
438,31,547,8
433,32,551,8
429,33,554,8
421,37,558,8
415,39,562,8
411,42,563,8
405,46,565,8
401,47,568,8
397,50,568,9
394,48,573,9
392,47,576,9
389,44,582,9
386,41,588,9
382,42,591,9
377,40,598,9
373,41,601,9
369,41,605,9
360,49,606,9
357,48,610,9
356,41,618,9
352,39,624,9
351,37,627,9
350,36,629,9
345,38,631,10
342,36,636,10
339,30,645,10
336,29,649,10
329,32,653,10
325,31,657,11
320,34,659,11
319,34,660,11
318,34,661,11
312,35,666,11
307,37,669,11
304,38,671,11
301,40,672,11
298,37,678,11
295,34,683,12
293,33,686,12
290,35,687,12
289,30,693,12
288,29,695,12
285,29,698,12
283,27,702,12
279,29,704,12
275,31,706,12
272,31,709,12
270,29,713,12
268,30,714,12
265,30,717,12
264,28,720,12
261,28,723,12
259,27,726,12
258,24,730,12
256,21,735,12
254,22,736,12
253,18,741,12
252,19,741,12
249,21,742,12
246,22,744,12
244,21,747,12
241,23,748,12
240,20,752,12
238,20,754,12
238,19,755,12
235,21,756,12
234,22,756,12
234,19,759,12
231,20,761,12
228,21,763,12
225,21,766,12
222,21,769,12
221,21,770,12
217,23,772,12
216,22,774,12
215,22,775,12
213,22,777,12
212,22,778,12
209,22,781,12
206,25,781,12
206,22,784,12
205,20,787,12
205,17,790,12
205,15,792,12
205,13,794,12
204,14,794,12
203,11,798,12
203,10,799,12
202,11,799,12
200,12,800,12
199,13,800,12
199,12,801,12
199,11,802,12
198,9,805,12
198,7,807,12
197,7,808,12
196,8,808,12
195,7,810,12
194,7,811,12
191,9,812,12
191,9,812,12
189,10,813,12
186,13,813,12
185,14,813,12
183,15,814,12
183,15,814,12
182,15,815,12
180,17,815,12
179,16,817,12
177,18,817,12
174,19,819,12
172,18,822,12
171,17,824,12
170,18,824,12
169,18,825,12
168,18,826,12
165,19,828,12
162,19,831,12
162,16,834,12
159,16,837,12
159,15,838,12
159,15,838,12
157,16,839,12
157,15,840,12
155,16,841,12
155,14,843,12
154,14,844,12
152,14,846,12
151,14,847,12
149,14,849,12
148,12,852,12
147,10,855,12
147,10,855,12
142,15,855,12
141,16,855,12
141,15,856,12
141,15,856,12
140,15,857,12
140,14,858,12
140,12,860,12
139,10,863,12
138,10,864,12
136,10,866,12
134,9,869,12
132,10,870,12
129,13,870,12
125,16,871,12
124,16,872,12
123,17,872,12
123,16,873,12
123,16,873,12
123,15,874,12
123,15,874,12
121,16,875,12
120,15,877,12
118,14,880,12
118,13,881,12
118,11,883,12
118,9,885,12
117,8,887,12
117,6,889,12
117,4,891,12
117,4,891,12
116,5,891,12
116,5,891,12
115,6,891,12
114,5,893,12
114,5,893,12
113,6,893,12
113,6,893,12
113,5,894,12
112,6,894,12
112,4,896,12
112,4,896,12
111,4,897,12
109,6,897,12
108,5,899,12
107,6,899,12
106,7,899,12
106,7,899,12
106,7,899,12
103,10,899,12
103,8,901,12
103,7,902,12
103,7,902,12
102,8,902,12
102,8,902,12
102,7,903,12
100,8,904,12
100,7,905,12
100,7,905,12
100,6,906,12
99,7,906,12
99,7,906,12
99,6,907,12
98,6,908,12
97,6,909,12
97,5,910,12
97,5,910,12
97,5,910,12
97,5,910,12
97,5,910,12
96,4,912,12
94,5,913,12
94,4,914,12
93,5,914,12
92,6,914,12
91,6,915,12
91,6,915,12
91,6,915,12
91,6,915,12
90,5,917,12
90,5,917,12
90,3,919,12
90,2,920,12
90,2,920,12
89,3,920,12
89,3,920,12
89,3,920,12
87,5,920,12
87,5,920,12
87,5,920,12
85,6,921,12
85,6,921,12
84,6,922,12
84,6,922,12
83,7,922,12
82,8,922,12
81,9,922,12
81,8,923,12
81,7,924,12
81,5,926,12
81,5,926,12
81,5,926,12
81,3,928,12
81,3,928,12
80,4,928,12
79,5,928,12
79,3,930,12
79,3,930,12
79,2,931,12
79,2,931,12
79,2,931,12
79,2,931,12
79,1,932,12
79,1,932,12
79,0,933,12
79,0,933,12
79,0,933,12
79,0,933,12
79,0,933,12
79,0,933,12
79,0,933,12
79,0,933,12
79,0,933,12
79,0,933,12
79,0,933,12
79,0,933,12
79,0,933,12
79,0,933,12
79,0,933,12
79,0,933,12
79,0,933,12
79,0,933,12
79,0,933,12
79,0,933,12
79,0,933,12
79,0,933,12
79,0,933,12
79,0,933,12
79,0,933,12
79,0,933,12
79,0,933,12
79,0,933,12
79,0,933,12
79,0,933,12
79,0,933,12
79,0,933,12
79,0,933,12
79,0,933,12
79,0,933,12
79,0,933,12
79,0,933,12
79,0,933,12
79,0,933,12
79,0,933,12
79,0,933,12
79,0,933,12
79,0,933,12
79,0,933,12
79,0,933,12
79,0,933,12
79,0,933,12
79,0,933,12
79,0,933,12
79,0,933,12
79,0,933,12
79,0,933,12
79,0,933,12
79,0,933,12
79,0,933,12
79,0,933,12
79,0,933,12
78,1,933,12
78,1,933,12
77,2,933,12
75,4,933,12
75,4,933,12
74,5,933,12
72,7,933,12
72,7,933,12
72,7,933,12
71,7,934,12
71,7,934,12
71,6,935,12
71,5,936,12
71,5,936,12
70,5,937,12
70,4,938,12
70,4,938,12
69,4,939,12
69,4,939,12
69,4,939,12
68,5,939,12
68,5,939,12
68,4,940,12
68,3,941,12
67,4,941,12
67,4,941,12
66,4,942,12
65,5,942,12
65,5,942,12
65,5,942,12
64,6,942,12
64,6,942,12
64,5,943,12
64,5,943,12
64,3,945,12
64,3,945,12
64,3,945,12
64,3,945,12
64,3,945,12
61,6,945,12
60,6,946,12
60,6,946,12
60,5,947,12
59,5,948,12
59,5,948,12
59,5,948,12
59,5,948,12
59,5,948,12
59,4,949,12
59,3,950,12
59,2,951,12
59,2,951,12
59,2,951,12
59,2,951,12
57,4,951,12
57,4,951,12
57,3,952,12
57,3,952,12
57,3,952,12
57,3,952,12
57,2,953,12
57,2,953,12
57,2,953,12
57,2,953,12
56,3,953,12
56,2,954,12
56,2,954,12
56,2,954,12
56,2,954,12
56,1,955,12
56,1,955,12
56,0,956,12
56,0,956,12
56,0,956,12
56,0,956,12
56,0,956,12
56,0,956,12
56,0,956,12
56,0,956,12
56,0,956,12
56,0,956,12
56,0,956,12
56,0,956,12
56,0,956,12
56,0,956,12
56,0,956,12
56,0,956,12
56,0,956,12
56,0,956,12
56,0,956,12
56,0,956,12
56,0,956,12
56,0,956,12
56,0,956,12
56,0,956,12
56,0,956,12
56,0,956,12
56,0,956,12
56,0,956,12
56,0,956,12
56,0,956,12
56,0,956,12
56,0,956,12
56,0,956,12
56,0,956,12
56,0,956,12
56,0,956,12
56,0,956,12
56,0,956,12
56,0,956,12
56,0,956,12
56,0,956,12
56,0,956,12
56,0,956,12
56,0,956,12
56,0,956,12
56,0,956,12
56,0,956,12
56,0,956,12
56,0,956,12
56,0,956,12
56,0,956,12
56,0,956,12
56,0,956,12
56,0,956,12
56,0,956,12
56,0,956,12
56,0,956,12
56,0,956,12
56,0,956,12
56,0,956,12
56,0,956,12
56,0,956,12
56,0,956,12
56,0,956,12
56,0,956,12
56,0,956,12
56,0,956,12
56,0,956,12
56,0,956,12
56,0,956,12
56,0,956,12
56,0,956,12
56,0,956,12
56,0,956,12
56,0,956,12
56,0,956,12
56,0,956,12
56,0,956,12
56,0,956,12
56,0,956,12
56,0,956,12
56,0,956,12
56,0,956,12
56,0,956,12
56,0,956,12
56,0,956,12
56,0,956,12
56,0,956,12
56,0,956,12
56,0,956,12
56,0,956,12
56,0,956,12
56,0,956,12
56,0,956,12
56,0,956,12
56,0,956,12
56,0,956,12
56,0,956,12
56,0,956,12
56,0,956,12
56,0,956,12
56,0,956,12
56,0,956,12
56,0,956,12
56,0,956,12
56,0,956,12
56,0,956,12
56,0,956,12
56,0,956,12
56,0,956,12
56,0,956,12
56,0,956,12
56,0,956,12
56,0,956,12
56,0,956,12
56,0,956,12
56,0,956,12
57,0,955,12
57,0,955,12
57,0,955,12
57,0,955,12
57,0,955,12
57,0,955,12
57,0,955,12
57,0,955,12
57,0,955,12
57,0,955,12
57,0,955,12
57,0,955,12
57,0,955,12
57,0,955,12
57,0,955,12
57,0,955,12
57,0,955,12
57,0,955,12
57,0,955,12
57,0,955,12
57,0,955,12
57,0,955,12
57,0,955,12
57,0,955,12
57,0,955,12
57,0,955,12
57,0,955,12
57,0,955,12
57,0,955,12
57,0,955,12
57,0,955,12
57,0,955,12
57,0,955,12
57,0,955,12
57,0,955,12
57,0,955,12
57,0,955,12
57,0,955,12
57,0,955,12
57,0,955,12
57,0,955,12
57,0,955,12
57,0,955,12
57,0,955,12
57,0,955,12
57,0,955,12
57,0,955,12
57,0,955,12
57,0,955,12
57,0,955,12
57,0,955,12
57,0,955,12
57,0,955,12
57,0,955,12
57,0,955,12
57,0,955,12
57,0,955,12
57,0,955,12
57,0,955,12
57,0,955,12
57,0,955,12
57,0,955,12
57,0,955,12
57,0,955,12
57,0,955,12
57,0,955,12
57,0,955,12
57,0,955,12
57,0,955,12
57,0,955,12
57,0,955,12
57,0,955,12
57,0,955,12
57,0,955,12
57,0,955,12
57,0,955,12
235,0,777,12
349,0,663,12
414,3,595,12
446,4,562,12
445,5,562,12
437,13,562,12
433,17,562,12
429,21,562,12
427,22,563,12
426,23,563,12
425,24,563,12
422,25,564,13
417,28,566,13
410,33,568,13
406,35,570,13
405,33,573,13
401,33,577,13
400,31,580,13
398,33,580,13
398,28,585,13
396,27,588,13
392,27,592,13
389,25,597,13
387,26,598,13
380,31,600,13
379,29,603,13
376,30,605,13
371,31,609,13
369,33,609,13
367,33,611,13
364,32,615,13
361,31,619,13
360,32,619,13
355,32,624,13
352,33,626,13
352,29,630,13
348,31,632,13
345,32,634,13
343,30,637,14
341,28,641,14
338,29,643,14
335,30,645,14
332,30,648,14
325,33,652,14
322,31,657,14
322,28,660,14
321,27,662,14
317,28,665,14
313,27,670,14
313,27,670,14
308,30,672,14
308,28,674,14
307,28,675,14
303,30,677,14
296,35,679,14
294,35,681,14
291,32,687,14
287,35,688,14
284,34,692,14
281,31,698,14
278,31,701,14
278,27,705,14
278,24,708,14
276,24,710,14
274,20,716,14
274,19,717,14
274,16,720,14
272,14,724,14
269,16,725,14
269,14,727,14
268,14,728,14
267,14,729,14
265,15,730,14
262,16,732,14
262,16,732,14
259,17,734,14
259,16,735,14
257,18,735,14
255,16,739,14
255,15,740,14
254,15,741,14
251,16,743,14
251,14,745,14
251,12,747,14
249,12,749,14
247,14,749,14
247,14,749,14
246,14,750,14
246,11,753,14
243,14,753,14
241,16,753,14
241,15,754,14
240,14,756,14
237,16,757,14
235,15,760,14
235,14,761,14
229,19,762,14
226,21,763,14
224,21,765,14
222,21,767,14
220,22,768,14
219,21,770,14
216,22,772,14
213,25,772,14
210,24,776,14
206,27,777,14
206,24,780,14
204,24,782,14
203,24,783,14
202,23,785,14
199,26,785,14
194,26,790,14
189,31,790,14
188,32,790,14
188,24,798,14
187,19,804,14
184,18,808,14
183,18,809,14
183,16,811,14
182,15,812,15
182,14,813,15
182,14,813,15
182,12,815,15
181,11,817,15
181,11,817,15
179,11,819,15
177,11,821,15
177,8,824,15
176,9,824,15
173,10,826,15
173,10,826,15
172,10,827,15
171,10,828,15
171,9,829,15
170,8,831,15
169,8,832,15
169,8,832,15
169,8,832,15
169,6,834,15
168,7,834,15
167,7,835,15
167,7,835,15
166,7,836,15
166,5,838,15
165,6,838,15
163,8,838,15
162,8,839,15
327,10,672,15
416,12,581,15
477,12,519,16
499,12,497,16
498,13,497,16
498,13,497,16
497,13,498,16
496,13,499,16
492,15,501,16
485,22,501,16
484,21,503,16
479,24,505,16
476,25,507,16
474,26,508,16
471,29,508,16
469,30,509,16
466,30,512,16
465,28,515,16
461,29,518,16
460,26,522,16
456,29,523,16
454,27,527,16
449,26,533,16
447,27,534,16
444,27,537,16
436,34,538,16
433,34,541,16
430,35,543,16
424,34,550,16
422,34,552,16
421,34,553,16
416,37,555,16
409,41,558,16
405,43,560,16
400,42,566,16
396,44,568,16
393,39,576,16
388,43,577,16
385,42,581,16
382,42,584,16
375,44,589,16
371,43,594,16
369,37,602,16
369,36,603,16
367,32,609,16
365,31,612,16
363,29,616,16
358,34,616,16
357,29,622,16
354,30,624,16
349,34,625,16
346,32,630,16
343,34,631,16
342,33,633,16
339,33,636,16
339,29,640,16
